% time	cellId	IMSI	RNTI	layer	mcs	size	rv	ndi	ccId
23	1	11	1	0	0	19	0	1	0
23	2	11	1	0	0	19	0	1	1
24	1	11	1	0	0	19	0	1	0
24	2	11	1	0	0	19	0	1	1
25	1	11	1	0	0	19	0	1	0
25	2	11	1	0	0	19	0	1	1
26	1	11	1	0	0	19	0	1	0
26	2	11	1	0	0	19	0	1	1
27	1	11	1	0	0	19	0	1	0
27	2	11	1	0	0	19	0	1	1
28	1	3	10	0	0	19	0	1	0
28	2	3	10	0	0	19	0	1	1
29	1	11	1	0	28	549	0	1	0
29	2	11	1	0	28	549	0	1	1
30	1	11	1	0	28	549	0	1	0
30	2	11	1	0	28	549	0	1	1
31	1	3	10	0	0	19	0	1	0
31	2	3	10	0	0	19	0	1	1
32	1	11	1	0	28	549	0	1	0
32	2	11	1	0	28	549	0	1	1
33	1	3	10	0	28	549	0	1	0
33	2	3	10	0	28	549	0	1	1
34	1	6	22	0	0	19	0	1	0
34	2	6	22	0	0	19	0	1	1
35	1	3	10	0	28	549	0	1	0
35	2	3	10	0	28	549	0	1	1
36	1	6	22	0	0	19	0	1	0
36	2	6	22	0	0	19	0	1	1
37	1	3	10	0	28	549	0	1	0
37	2	3	10	0	28	549	0	1	1
38	1	11	1	0	28	549	0	1	0
38	2	11	1	0	28	549	0	1	1
39	1	6	22	0	28	549	0	1	0
39	2	6	22	0	28	549	0	1	1
40	1	4	33	0	0	19	0	1	0
40	2	4	33	0	0	19	0	1	1
41	1	6	22	0	28	549	0	1	0
41	2	6	22	0	28	549	0	1	1
42	1	4	33	0	0	19	0	1	0
42	2	4	33	0	0	19	0	1	1
43	1	6	22	0	28	549	0	1	0
43	2	6	22	0	28	549	0	1	1
44	1	3	10	0	28	549	0	1	0
44	2	3	10	0	28	549	0	1	1
45	1	4	33	0	28	549	0	1	0
45	2	4	33	0	28	549	0	1	1
46	1	1	45	0	0	19	0	1	0
46	2	1	45	0	0	19	0	1	1
47	1	4	33	0	28	549	0	1	0
47	2	4	33	0	28	549	0	1	1
48	1	1	45	0	0	19	0	1	0
48	2	1	45	0	0	19	0	1	1
49	1	4	33	0	28	549	0	1	0
49	2	4	33	0	28	549	0	1	1
50	1	6	22	0	28	549	0	1	0
50	2	6	22	0	28	549	0	1	1
51	1	1	45	0	28	549	0	1	0
51	2	1	45	0	28	549	0	1	1
52	1	7	56	0	0	19	0	1	0
52	2	7	56	0	0	19	0	1	1
53	1	1	45	0	28	549	0	1	0
53	2	1	45	0	28	549	0	1	1
54	1	7	56	0	0	19	0	1	0
54	2	7	56	0	0	19	0	1	1
55	1	1	45	0	28	549	0	1	0
55	2	1	45	0	28	549	0	1	1
56	1	4	33	0	28	549	0	1	0
56	2	4	33	0	28	549	0	1	1
57	1	7	56	0	28	549	0	1	0
57	2	7	56	0	28	549	0	1	1
58	1	15	64	0	0	19	0	1	0
58	2	15	64	0	0	19	0	1	1
59	1	7	56	0	28	549	0	1	0
59	2	7	56	0	28	549	0	1	1
60	1	15	64	0	0	19	0	1	0
60	2	15	64	0	0	19	0	1	1
61	1	7	56	0	28	549	0	1	0
61	2	7	56	0	28	549	0	1	1
62	1	1	45	0	28	549	0	1	0
62	2	1	45	0	28	549	0	1	1
63	1	15	64	0	28	549	0	1	0
63	2	15	64	0	28	549	0	1	1
64	1	12	71	0	0	19	0	1	0
64	2	12	71	0	0	19	0	1	1
65	1	15	64	0	28	549	0	1	0
65	2	15	64	0	28	549	0	1	1
66	1	12	71	0	0	19	0	1	0
66	2	12	71	0	0	19	0	1	1
67	1	15	64	0	28	549	0	1	0
67	2	15	64	0	28	549	0	1	1
68	1	7	56	0	28	549	0	1	0
68	2	7	56	0	28	549	0	1	1
69	1	12	71	0	28	549	0	1	0
69	2	12	71	0	28	549	0	1	1
70	1	9	77	0	0	19	0	1	0
70	2	9	77	0	0	19	0	1	1
71	1	12	71	0	28	549	0	1	0
71	2	12	71	0	28	549	0	1	1
72	1	9	77	0	0	19	0	1	0
72	2	9	77	0	0	19	0	1	1
73	1	12	71	0	28	549	0	1	0
73	2	12	71	0	28	549	0	1	1
74	1	11	1	0	28	549	0	1	0
74	2	11	1	0	28	549	0	1	1
75	1	9	77	0	28	549	0	1	0
75	2	9	77	0	28	549	0	1	1
76	1	14	80	0	0	19	0	1	0
76	2	14	80	0	0	19	0	1	1
77	1	9	77	0	28	549	0	1	0
77	2	9	77	0	28	549	0	1	1
78	1	14	80	0	0	19	0	1	0
78	2	14	80	0	0	19	0	1	1
79	1	9	77	0	28	549	0	1	0
79	2	9	77	0	28	549	0	1	1
80	1	15	64	0	28	549	0	1	0
80	2	15	64	0	28	549	0	1	1
81	1	14	80	0	28	549	0	1	0
81	2	14	80	0	28	549	0	1	1
82	1	5	86	0	0	19	0	1	0
82	2	5	86	0	0	19	0	1	1
83	1	14	80	0	28	549	0	1	0
83	2	14	80	0	28	549	0	1	1
84	1	5	86	0	0	19	0	1	0
84	2	5	86	0	0	19	0	1	1
85	1	14	80	0	28	549	0	1	0
85	2	14	80	0	28	549	0	1	1
86	1	3	10	0	28	549	0	1	0
86	2	3	10	0	28	549	0	1	1
87	1	5	86	0	28	549	0	1	0
87	2	5	86	0	28	549	0	1	1
88	1	8	91	0	0	19	0	1	0
88	2	8	91	0	0	19	0	1	1
89	1	5	86	0	28	549	0	1	0
89	2	5	86	0	28	549	0	1	1
90	1	8	91	0	0	19	0	1	0
90	2	8	91	0	0	19	0	1	1
91	1	5	86	0	28	549	0	1	0
91	2	5	86	0	28	549	0	1	1
92	1	12	71	0	28	549	0	1	0
92	2	12	71	0	28	549	0	1	1
93	1	8	91	0	28	549	0	1	0
93	2	8	91	0	28	549	0	1	1
94	1	13	95	0	0	19	0	1	0
94	2	13	95	0	0	19	0	1	1
95	1	8	91	0	28	549	0	1	0
95	2	8	91	0	28	549	0	1	1
96	1	13	95	0	0	19	0	1	0
96	2	13	95	0	0	19	0	1	1
97	1	8	91	0	28	549	0	1	0
97	2	8	91	0	28	549	0	1	1
98	1	6	22	0	28	549	0	1	0
98	2	6	22	0	28	549	0	1	1
99	1	13	95	0	28	549	0	1	0
99	2	13	95	0	28	549	0	1	1
100	1	10	98	0	0	19	0	1	0
100	2	10	98	0	0	19	0	1	1
101	1	13	95	0	28	549	0	1	0
101	2	13	95	0	28	549	0	1	1
102	1	10	98	0	0	19	0	1	0
102	2	10	98	0	0	19	0	1	1
103	1	13	95	0	28	549	0	1	0
103	2	13	95	0	28	549	0	1	1
104	1	9	77	0	28	549	0	1	0
104	2	9	77	0	28	549	0	1	1
105	1	10	98	0	28	549	0	1	0
105	2	10	98	0	28	549	0	1	1
106	1	2	100	0	0	19	0	1	0
106	2	2	100	0	0	19	0	1	1
107	1	10	98	0	28	549	0	1	0
107	2	10	98	0	28	549	0	1	1
108	1	2	100	0	0	19	0	1	0
108	2	2	100	0	0	19	0	1	1
109	1	10	98	0	28	549	0	1	0
109	2	10	98	0	28	549	0	1	1
110	1	4	33	0	28	549	0	1	0
110	2	4	33	0	28	549	0	1	1
111	1	2	100	0	28	549	0	1	0
111	2	2	100	0	28	549	0	1	1
112	1	2	100	0	28	549	0	1	0
112	2	2	100	0	28	549	0	1	1
113	1	2	100	0	28	549	0	1	0
113	2	2	100	0	28	549	0	1	1
114	1	14	80	0	28	549	0	1	0
114	2	14	80	0	28	549	0	1	1
115	1	1	45	0	28	549	0	1	0
115	2	1	45	0	28	549	0	1	1
116	1	5	86	0	28	549	0	1	0
116	2	5	86	0	28	549	0	1	1
117	1	7	56	0	28	549	0	1	0
117	2	7	56	0	28	549	0	1	1
118	1	11	1	0	28	549	0	1	0
118	2	11	1	0	28	549	0	1	1
119	1	8	91	0	28	549	0	1	0
119	2	8	91	0	28	549	0	1	1
120	1	15	64	0	28	549	0	1	0
120	2	15	64	0	28	549	0	1	1
121	1	3	10	0	28	549	0	1	0
121	2	3	10	0	28	549	0	1	1
122	1	13	95	0	28	549	0	1	0
122	2	13	95	0	28	549	0	1	1
123	1	12	71	0	28	549	0	1	0
123	2	12	71	0	28	549	0	1	1
124	1	6	22	0	28	549	0	1	0
124	2	6	22	0	28	549	0	1	1
125	1	10	98	0	28	549	0	1	0
125	2	10	98	0	28	549	0	1	1
126	1	2	100	0	28	549	0	1	0
126	2	2	100	0	28	549	0	1	1
127	1	9	77	0	28	549	0	1	0
127	2	9	77	0	28	549	0	1	1
128	1	4	33	0	28	549	0	1	0
128	2	4	33	0	28	549	0	1	1
129	1	14	80	0	28	549	0	1	0
129	2	14	80	0	28	549	0	1	1
130	1	1	45	0	28	549	0	1	0
130	2	1	45	0	28	549	0	1	1
131	1	5	86	0	28	549	0	1	0
131	2	5	86	0	28	549	0	1	1
132	1	7	56	0	28	549	0	1	0
132	2	7	56	0	28	549	0	1	1
133	1	11	1	0	28	549	0	1	0
133	2	11	1	0	28	549	0	1	1
134	1	8	91	0	28	549	0	1	0
134	2	8	91	0	28	549	0	1	1
135	1	15	64	0	28	549	0	1	0
135	2	15	64	0	28	549	0	1	1
136	1	3	10	0	28	549	0	1	0
136	2	3	10	0	28	549	0	1	1
137	1	13	95	0	28	549	0	1	0
137	2	13	95	0	28	549	0	1	1
138	1	12	71	0	28	549	0	1	0
138	2	12	71	0	28	549	0	1	1
139	1	6	22	0	28	549	0	1	0
139	2	6	22	0	28	549	0	1	1
140	1	10	98	0	28	549	0	1	0
140	2	10	98	0	28	549	0	1	1
141	1	2	100	0	28	549	0	1	0
141	2	2	100	0	28	549	0	1	1
142	1	9	77	0	28	549	0	1	0
142	2	9	77	0	28	549	0	1	1
143	1	4	33	0	28	549	0	1	0
143	2	4	33	0	28	549	0	1	1
144	1	14	80	0	28	549	0	1	0
144	2	14	80	0	28	549	0	1	1
145	1	1	45	0	28	549	0	1	0
145	2	1	45	0	28	549	0	1	1
146	1	5	86	0	28	549	0	1	0
146	2	5	86	0	28	549	0	1	1
147	1	7	56	0	28	549	0	1	0
147	2	7	56	0	28	549	0	1	1
148	1	11	1	0	28	549	0	1	0
148	2	11	1	0	28	549	0	1	1
149	1	8	91	0	28	549	0	1	0
149	2	8	91	0	28	549	0	1	1
150	1	15	64	0	28	549	0	1	0
150	2	15	64	0	28	549	0	1	1
151	1	3	10	0	28	549	0	1	0
151	2	3	10	0	28	549	0	1	1
152	1	13	95	0	28	549	0	1	0
152	2	13	95	0	28	549	0	1	1
153	1	12	71	0	28	549	0	1	0
153	2	12	71	0	28	549	0	1	1
154	1	6	22	0	28	549	0	1	0
154	2	6	22	0	28	549	0	1	1
155	1	10	98	0	28	549	0	1	0
155	2	10	98	0	28	549	0	1	1
156	1	2	100	0	28	549	0	1	0
156	2	2	100	0	28	549	0	1	1
157	1	9	77	0	28	549	0	1	0
157	2	9	77	0	28	549	0	1	1
158	1	4	33	0	28	549	0	1	0
158	2	4	33	0	28	549	0	1	1
159	1	14	80	0	28	549	0	1	0
159	2	14	80	0	28	549	0	1	1
160	1	1	45	0	28	549	0	1	0
160	2	1	45	0	28	549	0	1	1
161	1	5	86	0	28	549	0	1	0
161	2	5	86	0	28	549	0	1	1
162	1	7	56	0	28	549	0	1	0
162	2	7	56	0	28	549	0	1	1
163	1	11	1	0	28	549	0	1	0
163	2	11	1	0	28	549	0	1	1
164	1	8	91	0	28	549	0	1	0
164	2	8	91	0	28	549	0	1	1
165	1	15	64	0	28	549	0	1	0
165	2	15	64	0	28	549	0	1	1
166	1	3	10	0	28	549	0	1	0
166	2	3	10	0	28	549	0	1	1
167	1	13	95	0	28	549	0	1	0
167	2	13	95	0	28	549	0	1	1
168	1	12	71	0	28	549	0	1	0
168	2	12	71	0	28	549	0	1	1
169	1	6	22	0	28	549	0	1	0
169	2	6	22	0	28	549	0	1	1
170	1	10	98	0	28	549	0	1	0
170	2	10	98	0	28	549	0	1	1
171	1	2	100	0	28	549	0	1	0
171	2	2	100	0	28	549	0	1	1
172	1	9	77	0	28	549	0	1	0
172	2	9	77	0	28	549	0	1	1
173	1	4	33	0	28	549	0	1	0
173	2	4	33	0	28	549	0	1	1
174	1	14	80	0	28	549	0	1	0
174	2	14	80	0	28	549	0	1	1
175	1	1	45	0	28	549	0	1	0
175	2	1	45	0	28	549	0	1	1
176	1	5	86	0	28	549	0	1	0
176	2	5	86	0	28	549	0	1	1
177	1	7	56	0	28	549	0	1	0
177	2	7	56	0	28	549	0	1	1
178	1	11	1	0	28	549	0	1	0
178	2	11	1	0	28	549	0	1	1
179	1	8	91	0	28	549	0	1	0
179	2	8	91	0	28	549	0	1	1
180	1	15	64	0	28	549	0	1	0
180	2	15	64	0	28	549	0	1	1
181	1	3	10	0	28	549	0	1	0
181	2	3	10	0	28	549	0	1	1
182	1	13	95	0	28	549	0	1	0
182	2	13	95	0	28	549	0	1	1
183	1	12	71	0	28	549	0	1	0
183	2	12	71	0	28	549	0	1	1
184	1	6	22	0	28	549	0	1	0
184	2	6	22	0	28	549	0	1	1
185	1	10	98	0	28	549	0	1	0
185	2	10	98	0	28	549	0	1	1
186	1	2	100	0	28	549	0	1	0
186	2	2	100	0	28	549	0	1	1
187	1	9	77	0	28	549	0	1	0
187	2	9	77	0	28	549	0	1	1
188	1	4	33	0	28	549	0	1	0
188	2	4	33	0	28	549	0	1	1
189	1	14	80	0	28	549	0	1	0
189	2	14	80	0	28	549	0	1	1
190	1	1	45	0	28	549	0	1	0
190	2	1	45	0	28	549	0	1	1
191	1	5	86	0	28	549	0	1	0
191	2	5	86	0	28	549	0	1	1
192	1	7	56	0	28	549	0	1	0
192	2	7	56	0	28	549	0	1	1
193	1	11	1	0	28	549	0	1	0
193	2	11	1	0	28	549	0	1	1
194	1	8	91	0	28	549	0	1	0
194	2	8	91	0	28	549	0	1	1
195	1	15	64	0	28	549	0	1	0
195	2	15	64	0	28	549	0	1	1
196	1	3	10	0	28	549	0	1	0
196	2	3	10	0	28	549	0	1	1
197	1	13	95	0	28	549	0	1	0
197	2	13	95	0	28	549	0	1	1
198	1	12	71	0	28	549	0	1	0
198	2	12	71	0	28	549	0	1	1
199	1	6	22	0	28	549	0	1	0
199	2	6	22	0	28	549	0	1	1
200	1	10	98	0	28	549	0	1	0
200	2	10	98	0	28	549	0	1	1
201	1	2	100	0	28	549	0	1	0
201	2	2	100	0	28	549	0	1	1
202	1	9	77	0	28	549	0	1	0
202	2	9	77	0	28	549	0	1	1
203	1	4	33	0	28	549	0	1	0
203	2	4	33	0	28	549	0	1	1
204	1	14	80	0	28	549	0	1	0
204	2	14	80	0	28	549	0	1	1
205	1	1	45	0	28	549	0	1	0
205	2	1	45	0	28	549	0	1	1
206	1	5	86	0	28	549	0	1	0
206	2	5	86	0	28	549	0	1	1
207	1	7	56	0	28	549	0	1	0
207	2	7	56	0	28	549	0	1	1
208	1	11	1	0	28	549	0	1	0
208	2	11	1	0	28	549	0	1	1
209	1	8	91	0	28	549	0	1	0
209	2	8	91	0	28	549	0	1	1
210	1	15	64	0	28	549	0	1	0
210	2	15	64	0	28	549	0	1	1
211	1	3	10	0	28	549	0	1	0
211	2	3	10	0	28	549	0	1	1
212	1	13	95	0	28	549	0	1	0
212	2	13	95	0	28	549	0	1	1
213	1	12	71	0	28	549	0	1	0
213	2	12	71	0	28	549	0	1	1
214	1	6	22	0	28	549	0	1	0
214	2	6	22	0	28	549	0	1	1
215	1	10	98	0	28	549	0	1	0
215	2	10	98	0	28	549	0	1	1
216	1	2	100	0	28	549	0	1	0
216	2	2	100	0	28	549	0	1	1
217	1	9	77	0	28	549	0	1	0
217	2	9	77	0	28	549	0	1	1
218	1	4	33	0	28	549	0	1	0
218	2	4	33	0	28	549	0	1	1
219	1	14	80	0	28	549	0	1	0
219	2	14	80	0	28	549	0	1	1
220	1	1	45	0	28	549	0	1	0
220	2	1	45	0	28	549	0	1	1
221	1	5	86	0	28	549	0	1	0
221	2	5	86	0	28	549	0	1	1
222	1	7	56	0	28	549	0	1	0
222	2	7	56	0	28	549	0	1	1
223	1	11	1	0	28	549	0	1	0
223	2	11	1	0	28	549	0	1	1
224	1	8	91	0	28	549	0	1	0
224	2	8	91	0	28	549	0	1	1
225	1	15	64	0	28	549	0	1	0
225	2	15	64	0	28	549	0	1	1
226	1	3	10	0	28	549	0	1	0
226	2	3	10	0	28	549	0	1	1
227	1	13	95	0	28	549	0	1	0
227	2	13	95	0	28	549	0	1	1
228	1	12	71	0	28	549	0	1	0
228	2	12	71	0	28	549	0	1	1
229	1	6	22	0	28	549	0	1	0
229	2	6	22	0	28	549	0	1	1
230	1	10	98	0	28	549	0	1	0
230	2	10	98	0	28	549	0	1	1
231	1	2	100	0	28	549	0	1	0
231	2	2	100	0	28	549	0	1	1
232	1	9	77	0	28	549	0	1	0
232	2	9	77	0	28	549	0	1	1
233	1	4	33	0	28	549	0	1	0
233	2	4	33	0	28	549	0	1	1
234	1	14	80	0	28	549	0	1	0
234	2	14	80	0	28	549	0	1	1
235	1	1	45	0	28	549	0	1	0
235	2	1	45	0	28	549	0	1	1
236	1	5	86	0	28	549	0	1	0
236	2	5	86	0	28	549	0	1	1
237	1	7	56	0	28	549	0	1	0
237	2	7	56	0	28	549	0	1	1
238	1	11	1	0	28	549	0	1	0
238	2	11	1	0	28	549	0	1	1
239	1	8	91	0	28	549	0	1	0
239	2	8	91	0	28	549	0	1	1
240	1	15	64	0	28	549	0	1	0
240	2	15	64	0	28	549	0	1	1
241	1	3	10	0	28	549	0	1	0
241	2	3	10	0	28	549	0	1	1
242	1	13	95	0	28	549	0	1	0
242	2	13	95	0	28	549	0	1	1
243	1	12	71	0	28	549	0	1	0
243	2	12	71	0	28	549	0	1	1
244	1	6	22	0	28	549	0	1	0
244	2	6	22	0	28	549	0	1	1
245	1	10	98	0	28	549	0	1	0
245	2	10	98	0	28	549	0	1	1
246	1	2	100	0	28	549	0	1	0
246	2	2	100	0	28	549	0	1	1
247	1	9	77	0	28	549	0	1	0
247	2	9	77	0	28	549	0	1	1
248	1	4	33	0	28	549	0	1	0
248	2	4	33	0	28	549	0	1	1
249	1	14	80	0	28	549	0	1	0
249	2	14	80	0	28	549	0	1	1
250	1	1	45	0	28	549	0	1	0
250	2	1	45	0	28	549	0	1	1
251	1	5	86	0	28	549	0	1	0
251	2	5	86	0	28	549	0	1	1
252	1	7	56	0	28	549	0	1	0
252	2	7	56	0	28	549	0	1	1
253	1	11	1	0	28	549	0	1	0
253	2	11	1	0	28	549	0	1	1
254	1	8	91	0	28	549	0	1	0
254	2	8	91	0	28	549	0	1	1
255	1	15	64	0	28	549	0	1	0
255	2	15	64	0	28	549	0	1	1
256	1	3	10	0	28	549	0	1	0
256	2	3	10	0	28	549	0	1	1
257	1	13	95	0	28	549	0	1	0
257	2	13	95	0	28	549	0	1	1
258	1	12	71	0	28	549	0	1	0
258	2	12	71	0	28	549	0	1	1
259	1	6	22	0	28	549	0	1	0
259	2	6	22	0	28	549	0	1	1
260	1	10	98	0	28	549	0	1	0
260	2	10	98	0	28	549	0	1	1
261	1	2	100	0	28	549	0	1	0
261	2	2	100	0	28	549	0	1	1
262	1	9	77	0	28	549	0	1	0
262	2	9	77	0	28	549	0	1	1
263	1	4	33	0	28	549	0	1	0
263	2	4	33	0	28	549	0	1	1
264	1	14	80	0	28	549	0	1	0
264	2	14	80	0	28	549	0	1	1
265	1	1	45	0	28	549	0	1	0
265	2	1	45	0	28	549	0	1	1
266	1	5	86	0	28	549	0	1	0
266	2	5	86	0	28	549	0	1	1
267	1	7	56	0	28	549	0	1	0
267	2	7	56	0	28	549	0	1	1
268	1	11	1	0	28	549	0	1	0
268	2	11	1	0	28	549	0	1	1
269	1	8	91	0	28	549	0	1	0
269	2	8	91	0	28	549	0	1	1
270	1	15	64	0	28	549	0	1	0
270	2	15	64	0	28	549	0	1	1
271	1	3	10	0	28	549	0	1	0
271	2	3	10	0	28	549	0	1	1
272	1	13	95	0	28	549	0	1	0
272	2	13	95	0	28	549	0	1	1
273	1	12	71	0	28	549	0	1	0
273	2	12	71	0	28	549	0	1	1
274	1	6	22	0	28	549	0	1	0
274	2	6	22	0	28	549	0	1	1
275	1	10	98	0	28	549	0	1	0
275	2	10	98	0	28	549	0	1	1
276	1	2	100	0	28	549	0	1	0
276	2	2	100	0	28	549	0	1	1
277	1	9	77	0	28	549	0	1	0
277	2	9	77	0	28	549	0	1	1
278	1	4	33	0	28	549	0	1	0
278	2	4	33	0	28	549	0	1	1
279	1	14	80	0	28	549	0	1	0
279	2	14	80	0	28	549	0	1	1
280	1	1	45	0	28	549	0	1	0
280	2	1	45	0	28	549	0	1	1
