% time	cellId	Interference
0.0329286	1	1.25893e-20 1.25893e-20 1.25893e-20 1.25893e-20 1.25893e-20 1.25893e-20 
0.0339286	1	1.25893e-20 1.25893e-20 1.25893e-20 1.25893e-20 1.25893e-20 1.25893e-20 
0.0349286	1	1.25893e-20 1.25893e-20 1.25893e-20 1.25893e-20 1.25893e-20 1.25893e-20 
0.0369286	1	1.25893e-20 1.25893e-20 1.25893e-20 1.25893e-20 1.25893e-20 1.25893e-20 
0.0399286	1	1.25893e-20 1.25893e-20 1.25893e-20 1.25893e-20 1.25893e-20 1.25893e-20 
0.0409286	1	1.25893e-20 1.25893e-20 1.25893e-20 1.25893e-20 1.25893e-20 1.25893e-20 
0.0429286	1	1.25893e-20 1.25893e-20 1.25893e-20 1.25893e-20 1.25893e-20 1.25893e-20 
0.0439286	1	1.25893e-20 1.25893e-20 1.25893e-20 1.25893e-20 1.25893e-20 1.25893e-20 
0.0449286	1	1.25893e-20 1.25893e-20 1.25893e-20 1.25893e-20 1.25893e-20 1.25893e-20 
0.0469286	1	1.25893e-20 1.25893e-20 1.25893e-20 1.25893e-20 1.25893e-20 1.25893e-20 
0.0489286	1	1.25893e-20 1.25893e-20 1.25893e-20 1.25893e-20 1.25893e-20 1.25893e-20 
0.0509286	1	1.25893e-20 1.25893e-20 1.25893e-20 1.25893e-20 1.25893e-20 1.25893e-20 
0.0529286	1	1.25893e-20 1.25893e-20 1.25893e-20 1.25893e-20 1.25893e-20 1.25893e-20 
0.0559286	1	1.25893e-20 1.25893e-20 1.25893e-20 1.25893e-20 1.25893e-20 1.25893e-20 
0.0569286	1	1.25893e-20 1.25893e-20 1.25893e-20 1.25893e-20 1.25893e-20 1.25893e-20 
0.0589286	1	1.25893e-20 1.25893e-20 1.25893e-20 1.25893e-20 1.25893e-20 1.25893e-20 
0.0609286	1	1.25893e-20 1.25893e-20 1.25893e-20 1.25893e-20 1.25893e-20 1.25893e-20 
0.0619286	1	1.25893e-20 1.25893e-20 1.25893e-20 1.25893e-20 1.25893e-20 1.25893e-20 
0.0629286	1	1.25893e-20 1.25893e-20 1.25893e-20 1.25893e-20 1.25893e-20 1.25893e-20 
0.0639286	1	1.25893e-20 1.25893e-20 1.25893e-20 1.25893e-20 1.25893e-20 1.25893e-20 
0.0649286	1	1.25893e-20 1.25893e-20 1.25893e-20 1.25893e-20 1.25893e-20 1.25893e-20 
0.0669286	1	1.25893e-20 1.25893e-20 1.25893e-20 1.25893e-20 1.25893e-20 1.25893e-20 
0.0679286	1	1.25893e-20 1.25893e-20 1.25893e-20 1.25893e-20 1.25893e-20 1.25893e-20 
0.0689286	1	1.25893e-20 1.25893e-20 1.25893e-20 1.25893e-20 1.25893e-20 1.25893e-20 
0.0709286	1	1.25893e-20 1.25893e-20 1.25893e-20 1.25893e-20 1.25893e-20 1.25893e-20 
0.0729286	1	1.25893e-20 1.25893e-20 1.25893e-20 1.25893e-20 1.25893e-20 1.25893e-20 
0.0739286	1	1.25893e-20 1.25893e-20 1.25893e-20 1.25893e-20 1.25893e-20 1.25893e-20 
0.0759286	1	1.25893e-20 1.25893e-20 1.25893e-20 1.25893e-20 1.25893e-20 1.25893e-20 
0.0769286	1	1.25893e-20 1.25893e-20 1.25893e-20 1.25893e-20 1.25893e-20 1.25893e-20 
0.0789286	1	1.25893e-20 1.25893e-20 1.25893e-20 1.25893e-20 1.25893e-20 1.25893e-20 
0.0809286	1	1.25893e-20 1.25893e-20 1.25893e-20 1.25893e-20 1.25893e-20 1.25893e-20 
0.0819286	1	1.25893e-20 1.25893e-20 1.25893e-20 1.25893e-20 1.25893e-20 1.25893e-20 
0.0829286	1	1.25893e-20 1.25893e-20 1.25893e-20 1.25893e-20 1.25893e-20 1.25893e-20 
0.0849286	1	1.25893e-20 1.25893e-20 1.25893e-20 1.25893e-20 1.25893e-20 1.25893e-20 
0.0869286	1	1.25893e-20 1.25893e-20 1.25893e-20 1.25893e-20 1.25893e-20 1.25893e-20 
0.0879286	1	1.25893e-20 1.25893e-20 1.25893e-20 1.25893e-20 1.25893e-20 1.25893e-20 
0.0889286	1	1.25893e-20 1.25893e-20 1.25893e-20 1.25893e-20 1.25893e-20 1.25893e-20 
0.0909286	1	1.25893e-20 1.25893e-20 1.25893e-20 1.25893e-20 1.25893e-20 1.25893e-20 
0.0919286	1	1.25893e-20 1.25893e-20 1.25893e-20 1.25893e-20 1.25893e-20 1.25893e-20 
0.0929286	1	1.25893e-20 1.25893e-20 1.25893e-20 1.25893e-20 1.25893e-20 1.25893e-20 
0.0939286	1	1.25893e-20 1.25893e-20 1.25893e-20 1.25893e-20 1.25893e-20 1.25893e-20 
0.0949286	1	1.25893e-20 1.25893e-20 1.25893e-20 1.25893e-20 1.25893e-20 1.25893e-20 
0.0969286	1	1.25893e-20 1.25893e-20 1.25893e-20 1.25893e-20 1.25893e-20 1.25893e-20 
0.0979286	1	1.25893e-20 1.25893e-20 1.25893e-20 1.25893e-20 1.25893e-20 1.25893e-20 
0.0989286	1	1.25893e-20 1.25893e-20 1.25893e-20 1.25893e-20 1.25893e-20 1.25893e-20 
0.0999286	1	1.25893e-20 1.25893e-20 1.25893e-20 1.25893e-20 1.25893e-20 1.25893e-20 
0.100929	1	1.25893e-20 1.25893e-20 1.25893e-20 1.25893e-20 1.25893e-20 1.25893e-20 
0.102929	1	1.25893e-20 1.25893e-20 1.25893e-20 1.25893e-20 1.25893e-20 1.25893e-20 
0.103929	1	1.25893e-20 1.25893e-20 1.25893e-20 1.25893e-20 1.25893e-20 1.25893e-20 
0.104929	1	1.25893e-20 1.25893e-20 1.25893e-20 1.25893e-20 1.25893e-20 1.25893e-20 
0.105929	1	1.25893e-20 1.25893e-20 1.25893e-20 1.25893e-20 1.25893e-20 1.25893e-20 
0.106929	1	1.25893e-20 1.25893e-20 1.25893e-20 1.25893e-20 1.25893e-20 1.25893e-20 
0.108929	1	1.25893e-20 1.25893e-20 1.25893e-20 1.25893e-20 1.25893e-20 1.25893e-20 
0.109929	1	1.25893e-20 1.25893e-20 1.25893e-20 1.25893e-20 1.25893e-20 1.25893e-20 
0.110929	1	1.25893e-20 1.25893e-20 1.25893e-20 1.25893e-20 1.25893e-20 1.25893e-20 
0.111929	1	1.25893e-20 1.25893e-20 1.25893e-20 1.25893e-20 1.25893e-20 1.25893e-20 
0.112929	1	1.25893e-20 1.25893e-20 1.25893e-20 1.25893e-20 1.25893e-20 1.25893e-20 
0.113929	1	1.25893e-20 1.25893e-20 1.25893e-20 1.25893e-20 1.25893e-20 1.25893e-20 
0.114929	1	1.25893e-20 1.25893e-20 1.25893e-20 1.25893e-20 1.25893e-20 1.25893e-20 
0.116929	1	1.25893e-20 1.25893e-20 1.25893e-20 1.25893e-20 1.25893e-20 1.25893e-20 
0.117929	1	1.25893e-20 1.25893e-20 1.25893e-20 1.25893e-20 1.25893e-20 1.25893e-20 
0.118929	1	1.25893e-20 1.25893e-20 1.25893e-20 1.25893e-20 1.25893e-20 1.25893e-20 
0.119929	1	1.25893e-20 1.25893e-20 1.25893e-20 1.25893e-20 1.25893e-20 1.25893e-20 
0.120929	1	1.25893e-20 1.25893e-20 1.25893e-20 1.25893e-20 1.25893e-20 1.25893e-20 
0.121929	1	1.25893e-20 1.25893e-20 1.25893e-20 1.25893e-20 1.25893e-20 1.25893e-20 
0.122929	1	1.25893e-20 1.25893e-20 1.25893e-20 1.25893e-20 1.25893e-20 1.25893e-20 
0.123929	1	1.25893e-20 1.25893e-20 1.25893e-20 1.25893e-20 1.25893e-20 1.25893e-20 
0.124929	1	1.25893e-20 1.25893e-20 1.25893e-20 1.25893e-20 1.25893e-20 1.25893e-20 
0.125929	1	1.25893e-20 1.25893e-20 1.25893e-20 1.25893e-20 1.25893e-20 1.25893e-20 
0.126929	1	1.25893e-20 1.25893e-20 1.25893e-20 1.25893e-20 1.25893e-20 1.25893e-20 
0.127929	1	1.25893e-20 1.25893e-20 1.25893e-20 1.25893e-20 1.25893e-20 1.25893e-20 
0.128929	1	1.25893e-20 1.25893e-20 1.25893e-20 1.25893e-20 1.25893e-20 1.25893e-20 
0.129929	1	1.25893e-20 1.25893e-20 1.25893e-20 1.25893e-20 1.25893e-20 1.25893e-20 
0.130929	1	1.25893e-20 1.25893e-20 1.25893e-20 1.25893e-20 1.25893e-20 1.25893e-20 
0.131929	1	1.25893e-20 1.25893e-20 1.25893e-20 1.25893e-20 1.25893e-20 1.25893e-20 
0.132929	1	1.25893e-20 1.25893e-20 1.25893e-20 1.25893e-20 1.25893e-20 1.25893e-20 
0.133929	1	1.25893e-20 1.25893e-20 1.25893e-20 1.25893e-20 1.25893e-20 1.25893e-20 
0.134929	1	1.25893e-20 1.25893e-20 1.25893e-20 1.25893e-20 1.25893e-20 1.25893e-20 
0.135929	1	1.25893e-20 1.25893e-20 1.25893e-20 1.25893e-20 1.25893e-20 1.25893e-20 
0.136929	1	1.25893e-20 1.25893e-20 1.25893e-20 1.25893e-20 1.25893e-20 1.25893e-20 
0.137929	1	1.25893e-20 1.25893e-20 1.25893e-20 1.25893e-20 1.25893e-20 1.25893e-20 
0.138929	1	1.25893e-20 1.25893e-20 1.25893e-20 1.25893e-20 1.25893e-20 1.25893e-20 
0.139929	1	1.25893e-20 1.25893e-20 1.25893e-20 1.25893e-20 1.25893e-20 1.25893e-20 
0.140929	1	1.25893e-20 1.25893e-20 1.25893e-20 1.25893e-20 1.25893e-20 1.25893e-20 
0.141929	1	1.25893e-20 1.25893e-20 1.25893e-20 1.25893e-20 1.25893e-20 1.25893e-20 
0.142929	1	1.25893e-20 1.25893e-20 1.25893e-20 1.25893e-20 1.25893e-20 1.25893e-20 
0.143929	1	1.25893e-20 1.25893e-20 1.25893e-20 1.25893e-20 1.25893e-20 1.25893e-20 
0.144929	1	1.25893e-20 1.25893e-20 1.25893e-20 1.25893e-20 1.25893e-20 1.25893e-20 
0.145929	1	1.25893e-20 1.25893e-20 1.25893e-20 1.25893e-20 1.25893e-20 1.25893e-20 
0.146929	1	1.25893e-20 1.25893e-20 1.25893e-20 1.25893e-20 1.25893e-20 1.25893e-20 
0.147929	1	1.25893e-20 1.25893e-20 1.25893e-20 1.25893e-20 1.25893e-20 1.25893e-20 
0.148929	1	1.25893e-20 1.25893e-20 1.25893e-20 1.25893e-20 1.25893e-20 1.25893e-20 
0.149929	1	1.25893e-20 1.25893e-20 1.25893e-20 1.25893e-20 1.25893e-20 1.25893e-20 
0.150929	1	1.25893e-20 1.25893e-20 1.25893e-20 1.25893e-20 1.25893e-20 1.25893e-20 
0.151929	1	1.25893e-20 1.25893e-20 1.25893e-20 1.25893e-20 1.25893e-20 1.25893e-20 
0.152929	1	1.25893e-20 1.25893e-20 1.25893e-20 1.25893e-20 1.25893e-20 1.25893e-20 
0.153929	1	1.25893e-20 1.25893e-20 1.25893e-20 1.25893e-20 1.25893e-20 1.25893e-20 
0.154929	1	1.25893e-20 1.25893e-20 1.25893e-20 1.25893e-20 1.25893e-20 1.25893e-20 
0.155929	1	1.25893e-20 1.25893e-20 1.25893e-20 1.25893e-20 1.25893e-20 1.25893e-20 
0.156929	1	1.25893e-20 1.25893e-20 1.25893e-20 1.25893e-20 1.25893e-20 1.25893e-20 
0.157929	1	1.25893e-20 1.25893e-20 1.25893e-20 1.25893e-20 1.25893e-20 1.25893e-20 
0.158929	1	1.25893e-20 1.25893e-20 1.25893e-20 1.25893e-20 1.25893e-20 1.25893e-20 
0.159929	1	1.25893e-20 1.25893e-20 1.25893e-20 1.25893e-20 1.25893e-20 1.25893e-20 
0.160929	1	1.25893e-20 1.25893e-20 1.25893e-20 1.25893e-20 1.25893e-20 1.25893e-20 
0.161929	1	1.25893e-20 1.25893e-20 1.25893e-20 1.25893e-20 1.25893e-20 1.25893e-20 
0.162929	1	1.25893e-20 1.25893e-20 1.25893e-20 1.25893e-20 1.25893e-20 1.25893e-20 
0.163929	1	1.25893e-20 1.25893e-20 1.25893e-20 1.25893e-20 1.25893e-20 1.25893e-20 
0.164929	1	1.25893e-20 1.25893e-20 1.25893e-20 1.25893e-20 1.25893e-20 1.25893e-20 
0.165929	1	1.25893e-20 1.25893e-20 1.25893e-20 1.25893e-20 1.25893e-20 1.25893e-20 
0.166929	1	1.25893e-20 1.25893e-20 1.25893e-20 1.25893e-20 1.25893e-20 1.25893e-20 
0.167929	1	1.25893e-20 1.25893e-20 1.25893e-20 1.25893e-20 1.25893e-20 1.25893e-20 
0.168929	1	1.25893e-20 1.25893e-20 1.25893e-20 1.25893e-20 1.25893e-20 1.25893e-20 
0.169929	1	1.25893e-20 1.25893e-20 1.25893e-20 1.25893e-20 1.25893e-20 1.25893e-20 
0.170929	1	1.25893e-20 1.25893e-20 1.25893e-20 1.25893e-20 1.25893e-20 1.25893e-20 
0.171929	1	1.25893e-20 1.25893e-20 1.25893e-20 1.25893e-20 1.25893e-20 1.25893e-20 
0.172929	1	1.25893e-20 1.25893e-20 1.25893e-20 1.25893e-20 1.25893e-20 1.25893e-20 
0.173929	1	1.25893e-20 1.25893e-20 1.25893e-20 1.25893e-20 1.25893e-20 1.25893e-20 
0.174929	1	1.25893e-20 1.25893e-20 1.25893e-20 1.25893e-20 1.25893e-20 1.25893e-20 
0.175929	1	1.25893e-20 1.25893e-20 1.25893e-20 1.25893e-20 1.25893e-20 1.25893e-20 
0.176929	1	1.25893e-20 1.25893e-20 1.25893e-20 1.25893e-20 1.25893e-20 1.25893e-20 
0.177929	1	1.25893e-20 1.25893e-20 1.25893e-20 1.25893e-20 1.25893e-20 1.25893e-20 
0.178929	1	1.25893e-20 1.25893e-20 1.25893e-20 1.25893e-20 1.25893e-20 1.25893e-20 
0.179929	1	1.25893e-20 1.25893e-20 1.25893e-20 1.25893e-20 1.25893e-20 1.25893e-20 
0.180929	1	1.25893e-20 1.25893e-20 1.25893e-20 1.25893e-20 1.25893e-20 1.25893e-20 
0.181929	1	1.25893e-20 1.25893e-20 1.25893e-20 1.25893e-20 1.25893e-20 1.25893e-20 
0.182929	1	1.25893e-20 1.25893e-20 1.25893e-20 1.25893e-20 1.25893e-20 1.25893e-20 
0.183929	1	1.25893e-20 1.25893e-20 1.25893e-20 1.25893e-20 1.25893e-20 1.25893e-20 
0.184929	1	1.25893e-20 1.25893e-20 1.25893e-20 1.25893e-20 1.25893e-20 1.25893e-20 
0.185929	1	1.25893e-20 1.25893e-20 1.25893e-20 1.25893e-20 1.25893e-20 1.25893e-20 
0.186929	1	1.25893e-20 1.25893e-20 1.25893e-20 1.25893e-20 1.25893e-20 1.25893e-20 
0.187929	1	1.25893e-20 1.25893e-20 1.25893e-20 1.25893e-20 1.25893e-20 1.25893e-20 
0.188929	1	1.25893e-20 1.25893e-20 1.25893e-20 1.25893e-20 1.25893e-20 1.25893e-20 
0.189929	1	1.25893e-20 1.25893e-20 1.25893e-20 1.25893e-20 1.25893e-20 1.25893e-20 
0.190929	1	1.25893e-20 1.25893e-20 1.25893e-20 1.25893e-20 1.25893e-20 1.25893e-20 
0.191929	1	1.25893e-20 1.25893e-20 1.25893e-20 1.25893e-20 1.25893e-20 1.25893e-20 
0.192929	1	1.25893e-20 1.25893e-20 1.25893e-20 1.25893e-20 1.25893e-20 1.25893e-20 
0.193929	1	1.25893e-20 1.25893e-20 1.25893e-20 1.25893e-20 1.25893e-20 1.25893e-20 
0.194929	1	1.25893e-20 1.25893e-20 1.25893e-20 1.25893e-20 1.25893e-20 1.25893e-20 
0.195929	1	1.25893e-20 1.25893e-20 1.25893e-20 1.25893e-20 1.25893e-20 1.25893e-20 
0.196929	1	1.25893e-20 1.25893e-20 1.25893e-20 1.25893e-20 1.25893e-20 1.25893e-20 
0.197929	1	1.25893e-20 1.25893e-20 1.25893e-20 1.25893e-20 1.25893e-20 1.25893e-20 
0.198929	1	1.25893e-20 1.25893e-20 1.25893e-20 1.25893e-20 1.25893e-20 1.25893e-20 
0.199929	1	1.25893e-20 1.25893e-20 1.25893e-20 1.25893e-20 1.25893e-20 1.25893e-20 
0.200929	1	1.25893e-20 1.25893e-20 1.25893e-20 1.25893e-20 1.25893e-20 1.25893e-20 
0.201929	1	1.25893e-20 1.25893e-20 1.25893e-20 1.25893e-20 1.25893e-20 1.25893e-20 
0.202929	1	1.25893e-20 1.25893e-20 1.25893e-20 1.25893e-20 1.25893e-20 1.25893e-20 
0.203929	1	1.25893e-20 1.25893e-20 1.25893e-20 1.25893e-20 1.25893e-20 1.25893e-20 
0.204929	1	1.25893e-20 1.25893e-20 1.25893e-20 1.25893e-20 1.25893e-20 1.25893e-20 
0.205929	1	1.25893e-20 1.25893e-20 1.25893e-20 1.25893e-20 1.25893e-20 1.25893e-20 
0.206929	1	1.25893e-20 1.25893e-20 1.25893e-20 1.25893e-20 1.25893e-20 1.25893e-20 
0.207929	1	1.25893e-20 1.25893e-20 1.25893e-20 1.25893e-20 1.25893e-20 1.25893e-20 
0.208929	1	1.25893e-20 1.25893e-20 1.25893e-20 1.25893e-20 1.25893e-20 1.25893e-20 
0.209929	1	1.25893e-20 1.25893e-20 1.25893e-20 1.25893e-20 1.25893e-20 1.25893e-20 
0.210929	1	1.25893e-20 1.25893e-20 1.25893e-20 1.25893e-20 1.25893e-20 1.25893e-20 
0.211929	1	1.25893e-20 1.25893e-20 1.25893e-20 1.25893e-20 1.25893e-20 1.25893e-20 
0.212929	1	1.25893e-20 1.25893e-20 1.25893e-20 1.25893e-20 1.25893e-20 1.25893e-20 
0.213929	1	1.25893e-20 1.25893e-20 1.25893e-20 1.25893e-20 1.25893e-20 1.25893e-20 
0.214929	1	1.25893e-20 1.25893e-20 1.25893e-20 1.25893e-20 1.25893e-20 1.25893e-20 
0.215929	1	1.25893e-20 1.25893e-20 1.25893e-20 1.25893e-20 1.25893e-20 1.25893e-20 
0.216929	1	1.25893e-20 1.25893e-20 1.25893e-20 1.25893e-20 1.25893e-20 1.25893e-20 
0.217929	1	1.25893e-20 1.25893e-20 1.25893e-20 1.25893e-20 1.25893e-20 1.25893e-20 
0.218929	1	1.25893e-20 1.25893e-20 1.25893e-20 1.25893e-20 1.25893e-20 1.25893e-20 
0.219929	1	1.25893e-20 1.25893e-20 1.25893e-20 1.25893e-20 1.25893e-20 1.25893e-20 
0.220929	1	1.25893e-20 1.25893e-20 1.25893e-20 1.25893e-20 1.25893e-20 1.25893e-20 
0.221929	1	1.25893e-20 1.25893e-20 1.25893e-20 1.25893e-20 1.25893e-20 1.25893e-20 
0.222929	1	1.25893e-20 1.25893e-20 1.25893e-20 1.25893e-20 1.25893e-20 1.25893e-20 
0.223929	1	1.25893e-20 1.25893e-20 1.25893e-20 1.25893e-20 1.25893e-20 1.25893e-20 
0.224929	1	1.25893e-20 1.25893e-20 1.25893e-20 1.25893e-20 1.25893e-20 1.25893e-20 
0.225929	1	1.25893e-20 1.25893e-20 1.25893e-20 1.25893e-20 1.25893e-20 1.25893e-20 
0.226929	1	1.25893e-20 1.25893e-20 1.25893e-20 1.25893e-20 1.25893e-20 1.25893e-20 
0.227929	1	1.25893e-20 1.25893e-20 1.25893e-20 1.25893e-20 1.25893e-20 1.25893e-20 
0.228929	1	1.25893e-20 1.25893e-20 1.25893e-20 1.25893e-20 1.25893e-20 1.25893e-20 
0.229929	1	1.25893e-20 1.25893e-20 1.25893e-20 1.25893e-20 1.25893e-20 1.25893e-20 
0.230929	1	1.25893e-20 1.25893e-20 1.25893e-20 1.25893e-20 1.25893e-20 1.25893e-20 
0.231929	1	1.25893e-20 1.25893e-20 1.25893e-20 1.25893e-20 1.25893e-20 1.25893e-20 
0.232929	1	1.25893e-20 1.25893e-20 1.25893e-20 1.25893e-20 1.25893e-20 1.25893e-20 
0.233929	1	1.25893e-20 1.25893e-20 1.25893e-20 1.25893e-20 1.25893e-20 1.25893e-20 
0.234929	1	1.25893e-20 1.25893e-20 1.25893e-20 1.25893e-20 1.25893e-20 1.25893e-20 
0.235929	1	1.25893e-20 1.25893e-20 1.25893e-20 1.25893e-20 1.25893e-20 1.25893e-20 
0.236929	1	1.25893e-20 1.25893e-20 1.25893e-20 1.25893e-20 1.25893e-20 1.25893e-20 
0.237929	1	1.25893e-20 1.25893e-20 1.25893e-20 1.25893e-20 1.25893e-20 1.25893e-20 
0.238929	1	1.25893e-20 1.25893e-20 1.25893e-20 1.25893e-20 1.25893e-20 1.25893e-20 
0.239929	1	1.25893e-20 1.25893e-20 1.25893e-20 1.25893e-20 1.25893e-20 1.25893e-20 
0.240929	1	1.25893e-20 1.25893e-20 1.25893e-20 1.25893e-20 1.25893e-20 1.25893e-20 
0.241929	1	1.25893e-20 1.25893e-20 1.25893e-20 1.25893e-20 1.25893e-20 1.25893e-20 
0.242929	1	1.25893e-20 1.25893e-20 1.25893e-20 1.25893e-20 1.25893e-20 1.25893e-20 
0.243929	1	1.25893e-20 1.25893e-20 1.25893e-20 1.25893e-20 1.25893e-20 1.25893e-20 
0.244929	1	1.25893e-20 1.25893e-20 1.25893e-20 1.25893e-20 1.25893e-20 1.25893e-20 
0.245929	1	1.25893e-20 1.25893e-20 1.25893e-20 1.25893e-20 1.25893e-20 1.25893e-20 
0.246929	1	1.25893e-20 1.25893e-20 1.25893e-20 1.25893e-20 1.25893e-20 1.25893e-20 
0.247929	1	1.25893e-20 1.25893e-20 1.25893e-20 1.25893e-20 1.25893e-20 1.25893e-20 
0.248929	1	1.25893e-20 1.25893e-20 1.25893e-20 1.25893e-20 1.25893e-20 1.25893e-20 
0.249929	1	1.25893e-20 1.25893e-20 1.25893e-20 1.25893e-20 1.25893e-20 1.25893e-20 
0.250929	1	1.25893e-20 1.25893e-20 1.25893e-20 1.25893e-20 1.25893e-20 1.25893e-20 
0.251929	1	1.25893e-20 1.25893e-20 1.25893e-20 1.25893e-20 1.25893e-20 1.25893e-20 
0.252929	1	1.25893e-20 1.25893e-20 1.25893e-20 1.25893e-20 1.25893e-20 1.25893e-20 
0.253929	1	1.25893e-20 1.25893e-20 1.25893e-20 1.25893e-20 1.25893e-20 1.25893e-20 
0.254929	1	1.25893e-20 1.25893e-20 1.25893e-20 1.25893e-20 1.25893e-20 1.25893e-20 
0.255929	1	1.25893e-20 1.25893e-20 1.25893e-20 1.25893e-20 1.25893e-20 1.25893e-20 
0.256929	1	1.25893e-20 1.25893e-20 1.25893e-20 1.25893e-20 1.25893e-20 1.25893e-20 
0.257929	1	1.25893e-20 1.25893e-20 1.25893e-20 1.25893e-20 1.25893e-20 1.25893e-20 
0.258929	1	1.25893e-20 1.25893e-20 1.25893e-20 1.25893e-20 1.25893e-20 1.25893e-20 
0.259929	1	1.25893e-20 1.25893e-20 1.25893e-20 1.25893e-20 1.25893e-20 1.25893e-20 
0.260929	1	1.25893e-20 1.25893e-20 1.25893e-20 1.25893e-20 1.25893e-20 1.25893e-20 
0.261929	1	1.25893e-20 1.25893e-20 1.25893e-20 1.25893e-20 1.25893e-20 1.25893e-20 
0.262929	1	1.25893e-20 1.25893e-20 1.25893e-20 1.25893e-20 1.25893e-20 1.25893e-20 
0.263929	1	1.25893e-20 1.25893e-20 1.25893e-20 1.25893e-20 1.25893e-20 1.25893e-20 
0.264929	1	1.25893e-20 1.25893e-20 1.25893e-20 1.25893e-20 1.25893e-20 1.25893e-20 
0.265929	1	1.25893e-20 1.25893e-20 1.25893e-20 1.25893e-20 1.25893e-20 1.25893e-20 
0.266929	1	1.25893e-20 1.25893e-20 1.25893e-20 1.25893e-20 1.25893e-20 1.25893e-20 
0.267929	1	1.25893e-20 1.25893e-20 1.25893e-20 1.25893e-20 1.25893e-20 1.25893e-20 
0.268929	1	1.25893e-20 1.25893e-20 1.25893e-20 1.25893e-20 1.25893e-20 1.25893e-20 
0.269929	1	1.25893e-20 1.25893e-20 1.25893e-20 1.25893e-20 1.25893e-20 1.25893e-20 
0.270929	1	1.25893e-20 1.25893e-20 1.25893e-20 1.25893e-20 1.25893e-20 1.25893e-20 
0.271929	1	1.25893e-20 1.25893e-20 1.25893e-20 1.25893e-20 1.25893e-20 1.25893e-20 
0.272929	1	1.25893e-20 1.25893e-20 1.25893e-20 1.25893e-20 1.25893e-20 1.25893e-20 
0.273929	1	1.25893e-20 1.25893e-20 1.25893e-20 1.25893e-20 1.25893e-20 1.25893e-20 
0.274929	1	1.25893e-20 1.25893e-20 1.25893e-20 1.25893e-20 1.25893e-20 1.25893e-20 
0.275929	1	1.25893e-20 1.25893e-20 1.25893e-20 1.25893e-20 1.25893e-20 1.25893e-20 
0.276929	1	1.25893e-20 1.25893e-20 1.25893e-20 1.25893e-20 1.25893e-20 1.25893e-20 
0.277929	1	1.25893e-20 1.25893e-20 1.25893e-20 1.25893e-20 1.25893e-20 1.25893e-20 
0.278929	1	1.25893e-20 1.25893e-20 1.25893e-20 1.25893e-20 1.25893e-20 1.25893e-20 
0.279929	1	1.25893e-20 1.25893e-20 1.25893e-20 1.25893e-20 1.25893e-20 1.25893e-20 
